,0,1
0,-0.07374796007127271,-0.7708598915272616
1,0.0562766590786854,1.5324046061960794
2,-0.17284452500823216,-0.1866721685883188
3,-0.24386525496536365,-0.6246621580511759
4,-0.5673573764658102,-0.2583308763651428
5,-0.3209939348592626,-0.7894403998729445
6,-0.303054293176004,-0.43467679934497716
7,0.12889116879475648,0.6288659937530166
8,-0.6001857464438537,0.6490762541416355
9,-0.16174869667187808,1.193910776916369
10,0.49806416737068465,-0.15278828734988148
11,8.551189019536071,-0.7814203168404144
12,1.9603397837101737,1.056128326461488
13,0.4335688945928129,-0.08969495995842336
14,-0.4974836291049364,0.16364707061008038
15,-0.4198647048169353,-0.14872159754510994
16,-0.395264725579609,-0.2690062061090753
17,3.067804997112561,0.3237841023527587
18,-0.3069836957042232,-0.09729564974021554
19,-0.35701604312331015,1.2456361316793076
20,-0.3553937375731853,-0.22982029990417657
21,-0.47199374368193114,1.7991088857371764
22,-0.23988141744360342,-0.36196480969881695
23,-0.35405397482911843,-0.6480326608588437
24,-0.3795675447471821,0.9046250042435116
25,-0.05150638746523878,0.3005619526345341
26,0.2335567880700149,0.18145795455680563
27,-0.2995816789024986,-0.8438502787158237
28,-0.47027331424295143,-0.6045129197791144
29,-0.2171136948729983,-0.605641771784151
30,-0.3930866300398283,-0.2522863277756875
31,-0.16784587522317646,-0.33246482083953127
32,-0.005325519094704467,-0.676289505143051
33,-0.46465832993472006,0.17403873440496698
34,-0.3763646256883678,1.1472945700336323
35,-0.5182638671392388,2.556045800987883
36,-0.6252002042187588,-0.22849238134859873
37,-0.4462748368503628,-0.2990438825259054
38,-0.40471608443026125,-0.4006346639460185
39,1.4150303447127923,-1.1217838451933977
40,-0.37211633987390574,-0.7917435700446748
41,-0.4070109657489548,-0.11792252686484783
42,-0.3236344367165817,-0.6829141071481333
43,-0.4111141712387261,-0.3991194438554513
44,-0.3124612982401498,-0.12891061499289064
45,-0.2826832371299495,-0.5489352363051072
46,-0.27002266459185825,-0.36003941645259613
47,-0.6244809180499131,0.2956023607489954
48,-0.1501342274396485,-0.5470694603365565
49,-0.25142550638041783,-0.3676332600363986
50,-0.3407269500625042,0.11919954334911964
51,-0.4804633137718924,-0.04225185059018871
52,-0.5074401560936646,-0.199424515736342
53,1.4091732470363634,-1.0268953480991163
54,-0.12365445989395724,-0.4836956583460167
55,-0.31777733904015276,-0.7778026042424148
56,-0.23877505603404725,-0.47639250161212254
57,2.31964627214803,-1.1405739436420965
58,-0.285116213133541,-0.6081854184120475
59,-0.2505982051851286,-0.49748213883008097
60,-0.19881711052243262,-0.3943080627899067
61,-1.0433308779170412,-0.7219509988127976
62,-0.4552176258797249,-0.7919613989098366
63,-0.25879220038323,-0.44269722998673905
64,-0.6589012674113744,-0.11172755960527248
65,-0.28338705137609055,-0.23143995047878624
66,-0.35368204479925947,-0.28677747846951684
67,-0.29889110071756936,-0.39985471829709274
68,-0.25051727893885084,-0.4325572799998099
69,0.12735666829843384,0.03938873338328208
70,0.5472445845921887,-1.122188826681362
71,-0.6487329908698721,-0.4842935531503784
72,-0.3481586272815408,0.5249346302922466
73,-0.402009062277556,0.1669669811729116
74,-0.6188757813666752,-0.14999204965886104
75,-0.2803192308092431,-0.5048795786669574
76,-0.3596032067767925,-0.628974669099577
77,-0.45750192047487487,-0.0010841200228619563
78,-0.3199499792916996,-0.45997749044719105
79,-0.5942847537045548,-0.4675310165732078
80,-0.49073580119951754,-0.7560805948518737
81,-0.36499722471926627,0.43899620077126245
82,1.4412582789811843,-0.9754422506240897
83,-0.2438957332828095,-0.6773660371293555
84,-0.40843622286393827,-0.40785179967862395
85,-0.24079330820932576,0.8976092657000783
86,3.4903737993792965,-0.48321058015104423
87,-0.21110739983708138,-0.3226951569566848
88,-0.3701369539246678,-0.7062216390114922
89,-0.43822215076172627,-0.5860647658187261
90,3.1411126658545765,1.5225211070745372
91,-0.428346537405624,1.4513625474261809
92,0.42327592703411926,-0.10499808913796227
93,-0.31456074322104294,-0.7661648086118852
94,-0.055175559813022246,-0.2977655039048781
95,-0.5212813649821477,3.2314535026250097
96,3.403373672638932,-0.6667687317836717
97,-0.2756979137919857,-0.031146576865172138
98,0.6484261521625134,0.07378434562002922
